   JOB DONE.
=------------------------------------------------------------------------------=

     Program PWSCF v.5.0.1 starts on 11Nov2012 at 14:52:53 

     This program is part of the open-source Quantum ESPRESSO suite
     for quantum simulation of materials; please cite
         "P. Giannozzi et al., J. Phys.:Condens. Matter 21 395502 (2009);
          URL http://www.quantum-espresso.org", 
     in publications or presentations arising from this work. More details at
     http://www.quantum-espresso.org/quote.php

     Parallel version (MPI), running on     2 processors
     R & G space division:  proc/pool =    2

     Current dimensions of program PWSCF are:
     Max number of different atomic species (ntypx) = 10
     Max number of k-points (npk) =  40000
     Max angular momentum in pseudopotentials (lmaxx) =  3
     Reading input from CoLaO_U100_a10.in
               file Co.pbe-nd-rrkjus.UPF: wavefunction(s)  4S 3D renormalized
               file Co.pbe-nd-rrkjus.UPF: wavefunction(s)  4S 3D renormalized
               file O.pbe-rrkjus.UPF: wavefunction(s)  2S renormalized

     Subspace diagonalization in iterative solution of the eigenvalue problem:
     a serial algorithm will be used


     Parallelization info
     --------------------
     sticks:   dense  smooth     PW     G-vecs:    dense   smooth      PW
     Min        1112     444    131                34808     8786    1448
     Max        1113     445    132                34809     8787    1449
     Sum        2225     889    263                69617    17573    2897


     Title: 
     GGA + U, U = 1.000, alpha = 0.100                                          


     bravais-lattice index     =            5
     lattice parameter (alat)  =      10.3292  a.u.
     unit-cell volume          =     793.0599 (a.u.)^3
     number of atoms/cell      =           10
     number of atomic types    =            4
     number of electrons       =        76.00
     number of Kohn-Sham states=           46
     kinetic-energy cutoff     =      30.0000  Ry
     charge density cutoff     =     300.0000  Ry
     convergence threshold     =      1.0E-08
     mixing beta               =       0.2000
     number of iterations used =            8  plain     mixing
     Exchange-correlation      =  SLA  PW   PBE  PBE ( 1 4 3 4 0)
     EXX-fraction              =        0.00

     celldm(1)=  10.329242  celldm(2)=   0.000000  celldm(3)=   0.000000
     celldm(4)=   0.488100  celldm(5)=   0.000000  celldm(6)=   0.000000

     crystal axes: (cart. coord. in units of alat)
               a(1) = (   0.505915  -0.292090   0.811624 )  
               a(2) = (   0.000000   0.584180   0.811624 )  
               a(3) = (  -0.505915  -0.292090   0.811624 )  

     reciprocal axes: (cart. coord. in units 2 pi/alat)
               b(1) = (  0.988308 -0.570600  0.410699 )  
               b(2) = (  0.000000  1.141200  0.410699 )  
               b(3) = ( -0.988308 -0.570600  0.410699 )  


     PseudoPot. # 1 for Co read from file:
     /home/mcurnan/dft-course/Project1/example_LaCoO3/Co.pbe-nd-rrkjus.UPF
     MD5 check sum: 3e47a84addf5e975e0edeaeee2a73f59
     Pseudo is Ultrasoft + core correction, Zval =  9.0
     Generated by new atomic code, or converted to UPF format
     Using radial grid of  961 points,  6 beta functions with: 
                l(1) =   0
                l(2) =   0
                l(3) =   1
                l(4) =   1
                l(5) =   2
                l(6) =   2
     Q(r) pseudized with 0 coefficients 


     PseudoPot. # 2 for Co read from file:
     /home/mcurnan/dft-course/Project1/example_LaCoO3/Co.pbe-nd-rrkjus.UPF
     MD5 check sum: 3e47a84addf5e975e0edeaeee2a73f59
     Pseudo is Ultrasoft + core correction, Zval =  9.0
     Generated by new atomic code, or converted to UPF format
     Using radial grid of  961 points,  6 beta functions with: 
                l(1) =   0
                l(2) =   0
                l(3) =   1
                l(4) =   1
                l(5) =   2
                l(6) =   2
     Q(r) pseudized with 0 coefficients 


     PseudoPot. # 3 for La read from file:
     /home/mcurnan/dft-course/Project1/example_LaCoO3/La.pbe-nsp-van.UPF
     MD5 check sum: b2f11743f52dde65f77d1302becd7929
     Pseudo is Ultrasoft + core correction, Zval = 11.0
     Generated by new atomic code, or converted to UPF format
     Using radial grid of  907 points,  6 beta functions with: 
                l(1) =   0
                l(2) =   0
                l(3) =   1
                l(4) =   1
                l(5) =   2
                l(6) =   2
     Q(r) pseudized with  6 coefficients,  rinner =    1.200   1.200   1.200
                                                       1.200   1.200

     PseudoPot. # 4 for O  read from file:
     /home/mcurnan/dft-course/Project1/example_LaCoO3/O.pbe-rrkjus.UPF
     MD5 check sum: 390ba29e75625707450f3bd3f0eb6be9
     Pseudo is Ultrasoft, Zval =  6.0
     Generated by new atomic code, or converted to UPF format
     Using radial grid of 1269 points,  4 beta functions with: 
                l(1) =   0
                l(2) =   0
                l(3) =   1
                l(4) =   1
     Q(r) pseudized with 0 coefficients 


     atomic species   valence    mass     pseudopotential
        Co1            9.00     1.00000     Co( 1.00)
        Co2            9.00     1.00000     Co( 1.00)
        La1           11.00     1.00000     La( 1.00)
        O1             6.00     1.00000     O ( 1.00)
 -----
     simplified LDA+U calculation, Hubbard_lmax = 2
     atomic species  L   Hubbard U  Hubbard alpha
        Co1          2    1.000000    0.100000
        Co2          2    1.000000    0.000000
        La1          2    0.000000    0.000000
        O1           1    0.000000    0.000000
 -----

      6 Sym. Ops., with inversion, found


                                    s                        frac. trans.

      isym =  1     identity                                     

 cryst.   s( 1) = (     1          0          0      )
                  (     0          1          0      )
                  (     0          0          1      )

 cart.    s( 1) = (  1.0000000  0.0000000  0.0000000 )
                  (  0.0000000  1.0000000  0.0000000 )
                  (  0.0000000  0.0000000  1.0000000 )


      isym =  2     120 deg rotation - cryst. axis [0,0,1]       

 cryst.   s( 2) = (     0          1          0      )
                  (     0          0          1      )
                  (     1          0          0      )

 cart.    s( 2) = ( -0.5000000 -0.8660254  0.0000000 )
                  (  0.8660254 -0.5000000  0.0000000 )
                  (  0.0000000  0.0000000  1.0000000 )


      isym =  3     120 deg rotation - cryst. axis [0,0,-1]      

 cryst.   s( 3) = (     0          0          1      )
                  (     1          0          0      )
                  (     0          1          0      )

 cart.    s( 3) = ( -0.5000000  0.8660254  0.0000000 )
                  ( -0.8660254 -0.5000000  0.0000000 )
                  (  0.0000000  0.0000000  1.0000000 )


      isym =  4     inversion                                    

 cryst.   s( 4) = (    -1          0          0      )
                  (     0         -1          0      )
                  (     0          0         -1      )

 cart.    s( 4) = ( -1.0000000  0.0000000  0.0000000 )
                  (  0.0000000 -1.0000000  0.0000000 )
                  (  0.0000000  0.0000000 -1.0000000 )


      isym =  5     inv. 180 deg rotation - cart. axis [0,1,0]   

 cryst.   s( 5) = (     0         -1          0      )
                  (     0          0         -1      )
                  (    -1          0          0      )

 cart.    s( 5) = (  0.5000000  0.8660254  0.0000000 )
                  ( -0.8660254  0.5000000  0.0000000 )
                  (  0.0000000  0.0000000 -1.0000000 )


      isym =  6     inv. 180 deg rotation - cart. axis [1,0,0]   

 cryst.   s( 6) = (     0          0         -1      )
                  (    -1          0          0      )
                  (     0         -1          0      )

 cart.    s( 6) = (  0.5000000 -0.8660254  0.0000000 )
                  (  0.8660254  0.5000000  0.0000000 )
                  (  0.0000000  0.0000000 -1.0000000 )


     point group S_6 (-3)   
     there are  6 classes
     the character table:

       E     C3    C3^2  i     S6^5  S6   
A_g    1.00  1.00  1.00  1.00  1.00  1.00
E_g    1.00 -0.50 -0.50  1.00 -0.50 -0.50
E_g*   1.00 -0.50 -0.50  1.00 -0.50 -0.50
A_u    1.00  1.00  1.00 -1.00 -1.00 -1.00
E_u    1.00 -0.50 -0.50 -1.00  0.50  0.50
E_u*   1.00 -0.50 -0.50 -1.00  0.50  0.50
     imaginary part
A_g    0.00  0.00  0.00  0.00  0.00  0.00
E_g    0.00  0.87 -0.87  0.00  0.87 -0.87
E_g*   0.00 -0.87  0.87  0.00 -0.87  0.87
A_u    0.00  0.00  0.00  0.00  0.00  0.00
E_u    0.00  0.87 -0.87  0.00 -0.87  0.87
E_u*   0.00 -0.87  0.87  0.00  0.87 -0.87

     the symmetry operations in each class:
     E        1
     C3       2
     C3^2     3
     i        4
     S6^5     5
     S6       6

   Cartesian axes

     site n.     atom                  positions (alat units)
         1           Co1 tau(   1) = (   0.0000000   0.0000000   0.0000000  )
         2           Co2 tau(   2) = (   0.0000000   0.0000000   1.2174358  )
         3           La1 tau(   3) = (   0.0000000   0.0000000   0.6087179  )
         4           La1 tau(   4) = (   0.0000000   0.0000000   1.8261537  )
         5           O1  tau(   5) = (  -0.2839701  -0.0933228   1.0141240  )
         6           O1  tau(   6) = (   0.0611651   0.2925867   1.0141240  )
         7           O1  tau(   7) = (   0.2228050  -0.1992639   1.0141240  )
         8           O1  tau(   8) = (  -0.0611651  -0.2925867   1.4207476  )
         9           O1  tau(   9) = (   0.2839701   0.0933228   1.4207476  )
        10           O1  tau(  10) = (  -0.2228050   0.1992639   1.4207476  )

   Crystallographic axes

     site n.     atom                  positions (cryst. coord.)
         1           Co1 tau(   1) = (  0.0000000  0.0000000  0.0000000  )
         2           Co2 tau(   2) = (  0.5000000  0.5000000  0.5000000  )
         3           La1 tau(   3) = (  0.2500000  0.2500000  0.2500000  )
         4           La1 tau(   4) = (  0.7500000  0.7500000  0.7500000  )
         5           O1  tau(   5) = (  0.1891000  0.3100000  0.7504000  )
         6           O1  tau(   6) = (  0.3100000  0.7504000  0.1891000  )
         7           O1  tau(   7) = (  0.7504000  0.1891000  0.3100000  )
         8           O1  tau(   8) = (  0.6900000  0.2496000  0.8109000  )
         9           O1  tau(   9) = (  0.8109000  0.6900000  0.2496000  )
        10           O1  tau(  10) = (  0.2496000  0.8109000  0.6900000  )

     number of k points=    14  gaussian smearing, width (Ry)=  0.0300
                       cart. coord. in units 2pi/alat
        k(    1) = (   0.0000000   0.0000000   0.0000000), wk =   0.0312500
        k(    2) = (  -0.2470771  -0.1426500   0.1026748), wk =   0.1875000
        k(    3) = (   0.4941541   0.2853000  -0.2053496), wk =   0.0937500
        k(    4) = (  -0.2470771   0.1426500   0.2053496), wk =   0.1875000
        k(    5) = (   0.4941541   0.5706001  -0.1026748), wk =   0.1875000
        k(    6) = (   0.2470771   0.4279500   0.0000000), wk =   0.1875000
        k(    7) = (   0.4941541  -0.2853000  -0.4106993), wk =   0.0937500
        k(    8) = (   0.0000000   0.0000000   0.3080244), wk =   0.0625000
        k(    9) = (   0.7412312   0.4279500   0.0000000), wk =   0.1875000
        k(   10) = (   0.4941541   0.2853000   0.1026748), wk =   0.1875000
        k(   11) = (   0.7412312  -0.4279500  -0.3080244), wk =   0.1875000
        k(   12) = (   0.4941541  -0.5706001  -0.2053496), wk =   0.1875000
        k(   13) = (   0.0000000   0.0000000  -0.6160489), wk =   0.0312500
        k(   14) = (   0.4941541  -0.5706001   0.1026748), wk =   0.1875000

                       cryst. coord.
        k(    1) = (   0.0000000   0.0000000   0.0000000), wk =   0.0312500
        k(    2) = (   0.0000000   0.0000000   0.2500000), wk =   0.1875000
        k(    3) = (   0.0000000   0.0000000  -0.5000000), wk =   0.0937500
        k(    4) = (   0.0000000   0.2500000   0.2500000), wk =   0.1875000
        k(    5) = (   0.0000000   0.2500000  -0.5000000), wk =   0.1875000
        k(    6) = (   0.0000000   0.2500000  -0.2500000), wk =   0.1875000
        k(    7) = (   0.0000000  -0.5000000  -0.5000000), wk =   0.0937500
        k(    8) = (   0.2500000   0.2500000   0.2500000), wk =   0.0625000
        k(    9) = (   0.2500000   0.2500000  -0.5000000), wk =   0.1875000
        k(   10) = (   0.2500000   0.2500000  -0.2500000), wk =   0.1875000
        k(   11) = (   0.2500000  -0.5000000  -0.5000000), wk =   0.1875000
        k(   12) = (   0.2500000  -0.5000000  -0.2500000), wk =   0.1875000
        k(   13) = (  -0.5000000  -0.5000000  -0.5000000), wk =   0.0312500
        k(   14) = (   0.5000000  -0.2500000   0.0000000), wk =   0.1875000

     Dense  grid:    69617 G-vectors     FFT dimensions: (  60,  60,  60)

     Smooth grid:    17573 G-vectors     FFT dimensions: (  40,  40,  40)

     Largest allocated arrays     est. size (Mb)     dimensions
        Kohn-Sham Wavefunctions         0.78 Mb     (   1117,   46)
        Atomic wavefunctions            1.06 Mb     (   1117,   62)
        NL pseudopotentials             2.05 Mb     (   1117,  120)
        Each V/rho on FFT grid          1.65 Mb     ( 108000)
        Each G-vector array             0.27 Mb     (  34808)
        G-vector shells                 0.04 Mb     (   4682)
     Largest temporary arrays     est. size (Mb)     dimensions
        Auxiliary wavefunctions         3.14 Mb     (   1117,  184)
        Each subspace H/S matrix        0.52 Mb     ( 184, 184)
        Each <psi_i|beta_j> matrix      0.08 Mb     (    120,   46)
        Arrays for rho mixing          13.18 Mb     ( 108000,   8)

     Check: negative/imaginary core charge=   -0.000028    0.000000

     The initial density is read from file :
     /home/mcurnan/dft-course/Project1/example_LaCoO3/100/Co/alpha/CoLaO_U100.save/charge-density.dat

 --- in v_hubbard ---
Hubbard energy    0.1547
 -------
     Number of +U iterations with fixed ns =  0
     Starting occupations:
 --- enter write_ns ---
 LDA+U parameters:
U( 1)     =  1.00000000
alpha( 1) =  0.10000000
U( 2)     =  1.00000000
alpha( 2) =  0.00000000
U( 3)     =  0.00000000
alpha( 3) =  0.00000000
U( 4)     =  0.00000000
alpha( 4) =  0.00000000
atom    1   Tr[ns(na)] =   8.02206
    eigenvalues: 
  0.596  0.596  0.938  0.941  0.941
    eigenvectors:
  0.000  0.000  1.000  0.000  0.000
  0.333  0.322  0.000  0.004  0.341
  0.322  0.333  0.000  0.341  0.004
  0.289  0.056  0.000  0.515  0.140
  0.056  0.289  0.000  0.140  0.515
    occupations:
  0.938  0.000  0.000  0.000  0.000
  0.000  0.715  0.000 -0.060  0.152
  0.000  0.000  0.715  0.152  0.060
  0.000 -0.060  0.152  0.822  0.000
  0.000  0.152  0.060  0.000  0.822
atom    2   Tr[ns(na)] =   8.02145
    eigenvalues: 
  0.595  0.595  0.938  0.941  0.941
    eigenvectors:
  0.000  0.000  1.000  0.000  0.000
  0.640  0.015  0.000  0.223  0.122
  0.015  0.640  0.000  0.122  0.223
  0.017  0.329  0.000  0.470  0.185
  0.329  0.017  0.000  0.185  0.470
    occupations:
  0.938  0.000  0.000  0.000  0.000
  0.000  0.715  0.000  0.060  0.153
  0.000  0.000  0.715  0.153 -0.060
  0.000  0.060  0.153  0.822  0.000
  0.000  0.153 -0.060  0.000  0.822
atom    3   Tr[ns(na)] =   3.80284
    eigenvalues: 
  0.355  0.355  0.384  0.403  0.403
    eigenvectors:
  0.000  0.000  1.000  0.000  0.000
  0.781  0.139  0.000  0.012  0.068
  0.139  0.781  0.000  0.068  0.012
  0.013  0.067  0.000  0.780  0.141
  0.067  0.013  0.000  0.141  0.780
    occupations:
  0.384  0.000  0.000  0.000  0.000
  0.000  0.359  0.000  0.000  0.013
  0.000  0.000  0.359  0.013  0.000
  0.000  0.000  0.013  0.399  0.000
  0.000  0.013  0.000  0.000  0.399
atom    4   Tr[ns(na)] =   3.80284
    eigenvalues: 
  0.355  0.355  0.384  0.403  0.403
    eigenvectors:
  0.000  0.000  1.000  0.000  0.000
  0.782  0.139  0.000  0.012  0.068
  0.139  0.782  0.000  0.068  0.012
  0.012  0.067  0.000  0.780  0.141
  0.067  0.012  0.000  0.141  0.780
    occupations:
  0.384  0.000  0.000  0.000  0.000
  0.000  0.359  0.000  0.000  0.013
  0.000  0.000  0.359  0.013  0.000
  0.000  0.000  0.013  0.399  0.000
  0.000  0.013  0.000  0.000  0.399
atom    5   Tr[ns(na)] =   5.43357
    eigenvalues: 
  0.846  0.929  0.941
    eigenvectors:
  0.340  0.000  0.660
  0.494  0.250  0.256
  0.166  0.750  0.085
    occupations:
  0.909  0.039  0.022
  0.039  0.891 -0.022
  0.022 -0.022  0.917
atom    6   Tr[ns(na)] =   5.43357
    eigenvalues: 
  0.846  0.929  0.941
    eigenvectors:
  0.340  0.000  0.660
  0.000  1.000  0.000
  0.660  0.000  0.340
    occupations:
  0.909  0.000 -0.045
  0.000  0.929  0.000
 -0.045  0.000  0.879
atom    7   Tr[ns(na)] =   5.43357
    eigenvalues: 
  0.846  0.929  0.941
    eigenvectors:
  0.340  0.000  0.660
  0.496  0.250  0.255
  0.164  0.750  0.086
    occupations:
  0.909 -0.039  0.022
 -0.039  0.891  0.022
  0.022  0.022  0.917
atom    8   Tr[ns(na)] =   5.43357
    eigenvalues: 
  0.846  0.929  0.941
    eigenvectors:
  0.340  0.000  0.660
  0.000  1.000  0.000
  0.660  0.000  0.340
    occupations:
  0.909  0.000 -0.045
  0.000  0.929  0.000
 -0.045  0.000  0.879
atom    9   Tr[ns(na)] =   5.43357
    eigenvalues: 
  0.846  0.929  0.941
    eigenvectors:
  0.340  0.000  0.660
  0.494  0.250  0.256
  0.166  0.750  0.085
    occupations:
  0.909  0.039  0.022
  0.039  0.891 -0.022
  0.022 -0.022  0.917
atom   10   Tr[ns(na)] =   5.43357
    eigenvalues: 
  0.846  0.929  0.941
    eigenvectors:
  0.340  0.000  0.660
  0.496  0.250  0.255
  0.164  0.750  0.086
    occupations:
  0.909 -0.039  0.022
 -0.039  0.891  0.022
  0.022  0.022  0.917
N of occupied +U levels =  56.2506062
 --- exit write_ns ---
 LDA+U Projector read from file 
     Starting wfc from file

     total cpu time spent up to now is        8.0 secs

     per-process dynamical memory:    46.9 Mb

     Self-consistent Calculation

     iteration #  1     ecut=    30.00 Ry     beta=0.20
     Davidson diagonalization with overlap
     c_bands:  1 eigenvalues not converged
     c_bands:  1 eigenvalues not converged
     c_bands:  1 eigenvalues not converged
     c_bands:  1 eigenvalues not converged
     c_bands:  1 eigenvalues not converged
     ethr =  1.00E-10,  avg # of iterations = 15.5
 --- enter write_ns ---
 LDA+U parameters:
U( 1)     =  1.00000000
alpha( 1) =  0.10000000
U( 2)     =  1.00000000
alpha( 2) =  0.00000000
U( 3)     =  0.00000000
alpha( 3) =  0.00000000
U( 4)     =  0.00000000
alpha( 4) =  0.00000000
atom    1   Tr[ns(na)] =   8.01237
    eigenvalues: 
  0.568  0.568  0.956  0.957  0.957
    eigenvectors:
  0.000  0.000  1.000  0.000  0.000
  0.329  0.326  0.000  0.005  0.340
  0.326  0.329  0.000  0.340  0.005
  0.286  0.059  0.000  0.512  0.142
  0.059  0.286  0.000  0.142  0.512
    occupations:
  0.956  0.000  0.000  0.000  0.000
  0.000  0.703  0.000 -0.065  0.173
  0.000  0.000  0.703  0.173  0.065
  0.000 -0.065  0.173  0.823  0.000
  0.000  0.173  0.065  0.000  0.823
atom    2   Tr[ns(na)] =   8.10245
    eigenvalues: 
  0.577  0.577  0.966  0.966  0.966
    eigenvectors:
  0.000  0.000  1.000  0.000  0.000
  0.638  0.016  0.000  0.222  0.123
  0.016  0.638  0.000  0.123  0.222
  0.015  0.330  0.000  0.469  0.185
  0.330  0.015  0.000  0.185  0.469
    occupations:
  0.966  0.000  0.000  0.000  0.000
  0.000  0.711  0.000  0.067  0.172
  0.000  0.000  0.711  0.172 -0.067
  0.000  0.067  0.172  0.832  0.000
  0.000  0.172 -0.067  0.000  0.832
atom    3   Tr[ns(na)] =   3.80051
    eigenvalues: 
  0.356  0.356  0.383  0.403  0.403
    eigenvectors:
  0.000  0.000  1.000  0.000  0.000
  0.781  0.139  0.000  0.012  0.068
  0.139  0.781  0.000  0.068  0.012
  0.012  0.067  0.000  0.780  0.141
  0.067  0.012  0.000  0.141  0.780
    occupations:
  0.383  0.000  0.000  0.000  0.000
  0.000  0.359  0.000  0.000  0.013
  0.000  0.000  0.359  0.013  0.000
  0.000  0.000  0.013  0.399  0.000
  0.000  0.013  0.000  0.000  0.399
atom    4   Tr[ns(na)] =   3.80051
    eigenvalues: 
  0.356  0.356  0.383  0.403  0.403
    eigenvectors:
  0.000  0.000  1.000  0.000  0.000
  0.781  0.139  0.000  0.012  0.068
  0.139  0.781  0.000  0.068  0.012
  0.012  0.067  0.000  0.779  0.141
  0.067  0.012  0.000  0.141  0.779
    occupations:
  0.383  0.000  0.000  0.000  0.000
  0.000  0.359  0.000  0.000  0.013
  0.000  0.000  0.359  0.013  0.000
  0.000  0.000  0.013  0.399  0.000
  0.000  0.013  0.000  0.000  0.399
atom    5   Tr[ns(na)] =   5.42624
    eigenvalues: 
  0.842  0.928  0.942
    eigenvectors:
  0.340  0.000  0.660
  0.498  0.245  0.256
  0.161  0.755  0.084
    occupations:
  0.908  0.041  0.023
  0.041  0.889 -0.022
  0.023 -0.022  0.916
atom    6   Tr[ns(na)] =   5.42624
    eigenvalues: 
  0.842  0.928  0.942
    eigenvectors:
  0.340  0.000  0.660
  0.000  1.000  0.000
  0.660  0.000  0.340
    occupations:
  0.908  0.000 -0.047
  0.000  0.928  0.000
 -0.047  0.000  0.876
atom    7   Tr[ns(na)] =   5.42624
    eigenvalues: 
  0.842  0.928  0.942
    eigenvectors:
  0.340  0.000  0.660
  0.491  0.255  0.254
  0.169  0.745  0.086
    occupations:
  0.908 -0.041  0.024
 -0.041  0.890  0.023
  0.024  0.023  0.915
atom    8   Tr[ns(na)] =   5.42624
    eigenvalues: 
  0.842  0.928  0.942
    eigenvectors:
  0.340  0.000  0.660
  0.000  1.000  0.000
  0.660  0.000  0.340
    occupations:
  0.908  0.000 -0.047
  0.000  0.928  0.000
 -0.047  0.000  0.876
atom    9   Tr[ns(na)] =   5.42624
    eigenvalues: 
  0.842  0.928  0.942
    eigenvectors:
  0.340  0.000  0.660
  0.498  0.245  0.256
  0.161  0.755  0.084
    occupations:
  0.908  0.041  0.023
  0.041  0.889 -0.022
  0.023 -0.022  0.916
atom   10   Tr[ns(na)] =   5.42624
    eigenvalues: 
  0.842  0.928  0.942
    eigenvectors:
  0.340  0.000  0.660
  0.491  0.255  0.254
  0.169  0.745  0.086
    occupations:
  0.908 -0.041  0.024
 -0.041  0.890  0.023
  0.024  0.023  0.915
N of occupied +U levels =  56.2732653
 --- exit write_ns ---
 --- in v_hubbard ---
Hubbard energy    0.1532
 -------

     total cpu time spent up to now is       40.5 secs

     total energy              =    -538.18073372 Ry
     Harris-Foulkes estimate   =    -538.18216014 Ry
     estimated scf accuracy    <       0.00607061 Ry

     iteration #  2     ecut=    30.00 Ry     beta=0.20
     Davidson diagonalization with overlap
     ethr =  7.99E-06,  avg # of iterations =  2.0
 --- enter write_ns ---
 LDA+U parameters:
U( 1)     =  1.00000000
alpha( 1) =  0.10000000
U( 2)     =  1.00000000
alpha( 2) =  0.00000000
U( 3)     =  0.00000000
alpha( 3) =  0.00000000
U( 4)     =  0.00000000
alpha( 4) =  0.00000000
atom    1   Tr[ns(na)] =   8.16543
    eigenvalues: 
  0.583  0.583  0.972  0.972  0.973
    eigenvectors:
  0.000  0.000  0.000  0.000  1.000
  0.336  0.319  0.003  0.342  0.000
  0.319  0.336  0.342  0.003  0.000
  0.290  0.055  0.517  0.138  0.000
  0.055  0.290  0.138  0.517  0.000
    occupations:
  0.973  0.000  0.000  0.000  0.000
  0.000  0.717  0.000 -0.070  0.172
  0.000  0.000  0.717  0.172  0.070
  0.000 -0.070  0.172  0.838  0.000
  0.000  0.172  0.070  0.000  0.838
atom    2   Tr[ns(na)] =   7.89162
    eigenvalues: 
  0.553  0.553  0.945  0.948  0.948
    eigenvectors:
  0.000  0.000  1.000  0.000  0.000
  0.633  0.023  0.000  0.214  0.130
  0.023  0.633  0.000  0.130  0.214
  0.009  0.336  0.000  0.470  0.186
  0.336  0.009  0.000  0.186  0.470
    occupations:
  0.945  0.000  0.000  0.000  0.000
  0.000  0.689  0.000  0.064  0.176
  0.000  0.000  0.689  0.176 -0.064
  0.000  0.064  0.176  0.812  0.000
  0.000  0.176 -0.064  0.000  0.812
atom    3   Tr[ns(na)] =   3.79950
    eigenvalues: 
  0.356  0.356  0.383  0.403  0.403
    eigenvectors:
  0.000  0.000  1.000  0.000  0.000
  0.781  0.140  0.000  0.011  0.068
  0.140  0.781  0.000  0.068  0.011
  0.013  0.066  0.000  0.780  0.141
  0.066  0.013  0.000  0.141  0.780
    occupations:
  0.383  0.000  0.000  0.000  0.000
  0.000  0.359  0.000  0.000  0.013
  0.000  0.000  0.359  0.013  0.000
  0.000  0.000  0.013  0.399  0.000
  0.000  0.013  0.000  0.000  0.399
atom    4   Tr[ns(na)] =   3.79950
    eigenvalues: 
  0.356  0.356  0.383  0.403  0.403
    eigenvectors:
  0.000  0.000  1.000  0.000  0.000
  0.781  0.139  0.000  0.011  0.068
  0.139  0.781  0.000  0.068  0.011
  0.013  0.066  0.000  0.780  0.141
  0.066  0.013  0.000  0.141  0.780
    occupations:
  0.383  0.000  0.000  0.000  0.000
  0.000  0.359  0.000  0.000  0.013
  0.000  0.000  0.359  0.013  0.000
  0.000  0.000  0.013  0.399  0.000
  0.000  0.013  0.000  0.000  0.399
atom    5   Tr[ns(na)] =   5.43495
    eigenvalues: 
  0.845  0.930  0.943
    eigenvectors:
  0.339  0.000  0.661
  0.484  0.264  0.252
  0.176  0.736  0.088
    occupations:
  0.910  0.040  0.024
  0.040  0.892 -0.023
  0.024 -0.023  0.916
atom    6   Tr[ns(na)] =   5.43495
    eigenvalues: 
  0.845  0.930  0.943
    eigenvectors:
  0.339  0.000  0.661
  0.000  1.000  0.000
  0.661  0.000  0.339
    occupations:
  0.910  0.001 -0.046
  0.001  0.930  0.001
 -0.046  0.001  0.878
atom    7   Tr[ns(na)] =   5.43495
    eigenvalues: 
  0.845  0.930  0.943
    eigenvectors:
  0.339  0.000  0.661
  0.507  0.236  0.257
  0.154  0.764  0.082
    occupations:
  0.910 -0.041  0.022
 -0.041  0.890  0.022
  0.022  0.022  0.918
atom    8   Tr[ns(na)] =   5.43495
    eigenvalues: 
  0.845  0.930  0.943
    eigenvectors:
  0.339  0.000  0.661
  0.000  1.000  0.000
  0.661  0.000  0.339
    occupations:
  0.910  0.001 -0.046
  0.001  0.930  0.001
 -0.046  0.001  0.878
atom    9   Tr[ns(na)] =   5.43495
    eigenvalues: 
  0.845  0.930  0.943
    eigenvectors:
  0.339  0.000  0.661
  0.484  0.264  0.252
  0.176  0.736  0.088
    occupations:
  0.910  0.040  0.024
  0.040  0.892 -0.023
  0.024 -0.023  0.916
atom   10   Tr[ns(na)] =   5.43495
    eigenvalues: 
  0.845  0.930  0.943
    eigenvectors:
  0.339  0.000  0.661
  0.507  0.236  0.257
  0.154  0.764  0.082
    occupations:
  0.910 -0.041  0.022
 -0.041  0.890  0.022
  0.022  0.022  0.918
N of occupied +U levels =  56.2657449
 --- exit write_ns ---
 --- in v_hubbard ---
Hubbard energy    0.1531
 -------

     total cpu time spent up to now is       52.7 secs

     total energy              =    -538.17994421 Ry
     Harris-Foulkes estimate   =    -538.18379423 Ry
     estimated scf accuracy    <       0.04569935 Ry

     iteration #  3     ecut=    30.00 Ry     beta=0.20
     Davidson diagonalization with overlap
     ethr =  7.99E-06,  avg # of iterations =  1.6
 --- enter write_ns ---
 LDA+U parameters:
U( 1)     =  1.00000000
alpha( 1) =  0.10000000
U( 2)     =  1.00000000
alpha( 2) =  0.00000000
U( 3)     =  0.00000000
alpha( 3) =  0.00000000
U( 4)     =  0.00000000
alpha( 4) =  0.00000000
atom    1   Tr[ns(na)] =   8.01700
    eigenvalues: 
  0.565  0.565  0.959  0.960  0.960
    eigenvectors:
  0.000  0.000  1.000  0.000  0.000
  0.332  0.323  0.000  0.005  0.340
  0.323  0.332  0.000  0.340  0.005
  0.286  0.058  0.000  0.514  0.141
  0.058  0.286  0.000  0.141  0.514
    occupations:
  0.959  0.000  0.000  0.000  0.000
  0.000  0.701  0.000 -0.067  0.175
  0.000  0.000  0.701  0.175  0.067
  0.000 -0.067  0.175  0.824  0.000
  0.000  0.175  0.067  0.000  0.824
atom    2   Tr[ns(na)] =   8.04947
    eigenvalues: 
  0.568  0.568  0.962  0.963  0.963
    eigenvectors:
  0.000  0.000  1.000  0.000  0.000
  0.638  0.017  0.000  0.221  0.124
  0.017  0.638  0.000  0.124  0.221
  0.015  0.330  0.000  0.470  0.185
  0.330  0.015  0.000  0.185  0.470
    occupations:
  0.962  0.000  0.000  0.000  0.000
  0.000  0.704  0.000  0.068  0.175
  0.000  0.000  0.704  0.175 -0.068
  0.000  0.068  0.175  0.827  0.000
  0.000  0.175 -0.068  0.000  0.827
atom    3   Tr[ns(na)] =   3.79925
    eigenvalues: 
  0.356  0.356  0.383  0.403  0.403
    eigenvectors:
  0.000  0.000  1.000  0.000  0.000
  0.782  0.139  0.000  0.012  0.068
  0.139  0.782  0.000  0.068  0.012
  0.012  0.067  0.000  0.780  0.141
  0.067  0.012  0.000  0.141  0.780
    occupations:
  0.383  0.000  0.000  0.000  0.000
  0.000  0.359  0.000  0.000  0.013
  0.000  0.000  0.359  0.013  0.000
  0.000  0.000  0.013  0.399  0.000
  0.000  0.013  0.000  0.000  0.399
atom    4   Tr[ns(na)] =   3.79925
    eigenvalues: 
  0.356  0.356  0.383  0.403  0.403
    eigenvectors:
  0.000  0.000  1.000  0.000  0.000
  0.782  0.139  0.000  0.012  0.068
  0.139  0.782  0.000  0.068  0.012
  0.012  0.067  0.000  0.780  0.141
  0.067  0.012  0.000  0.141  0.780
    occupations:
  0.383  0.000  0.000  0.000  0.000
  0.000  0.359  0.000  0.000  0.013
  0.000  0.000  0.359  0.013  0.000
  0.000  0.000  0.013  0.399  0.000
  0.000  0.013  0.000  0.000  0.399
atom    5   Tr[ns(na)] =   5.43402
    eigenvalues: 
  0.844  0.930  0.943
    eigenvectors:
  0.339  0.000  0.661
  0.497  0.248  0.255
  0.164  0.752  0.084
    occupations:
  0.910  0.040  0.023
  0.040  0.891 -0.022
  0.023 -0.022  0.917
atom    6   Tr[ns(na)] =   5.43402
    eigenvalues: 
  0.844  0.930  0.943
    eigenvectors:
  0.339  0.000  0.661
  0.000  1.000  0.000
  0.661  0.000  0.339
    occupations:
  0.910  0.000 -0.047
  0.000  0.930  0.000
 -0.047  0.000  0.878
atom    7   Tr[ns(na)] =   5.43402
    eigenvalues: 
  0.844  0.930  0.943
    eigenvectors:
  0.339  0.000  0.661
  0.494  0.252  0.254
  0.166  0.748  0.086
    occupations:
  0.910 -0.040  0.023
 -0.040  0.891  0.022
  0.023  0.022  0.917
atom    8   Tr[ns(na)] =   5.43402
    eigenvalues: 
  0.844  0.930  0.943
    eigenvectors:
  0.339  0.000  0.661
  0.000  1.000  0.000
  0.661  0.000  0.339
    occupations:
  0.910  0.000 -0.047
  0.000  0.930  0.000
 -0.047  0.000  0.878
atom    9   Tr[ns(na)] =   5.43402
    eigenvalues: 
  0.844  0.930  0.943
    eigenvectors:
  0.339  0.000  0.661
  0.497  0.248  0.255
  0.164  0.752  0.084
    occupations:
  0.910  0.040  0.023
  0.040  0.891 -0.022
  0.023 -0.022  0.917
atom   10   Tr[ns(na)] =   5.43402
    eigenvalues: 
  0.844  0.930  0.943
    eigenvectors:
  0.339  0.000  0.661
  0.494  0.252  0.254
  0.166  0.748  0.086
    occupations:
  0.910 -0.040  0.023
 -0.040  0.891  0.022
  0.023  0.022  0.917
N of occupied +U levels =  56.2691047
 --- exit write_ns ---
 --- in v_hubbard ---
Hubbard energy    0.1522
 -------

     total cpu time spent up to now is       64.4 secs

     total energy              =    -538.18193867 Ry
     Harris-Foulkes estimate   =    -538.18195090 Ry
     estimated scf accuracy    <       0.00165923 Ry

     iteration #  4     ecut=    30.00 Ry     beta=0.20
     Davidson diagonalization with overlap
     ethr =  2.18E-06,  avg # of iterations =  1.0
 --- enter write_ns ---
 LDA+U parameters:
U( 1)     =  1.00000000
alpha( 1) =  0.10000000
U( 2)     =  1.00000000
alpha( 2) =  0.00000000
U( 3)     =  0.00000000
alpha( 3) =  0.00000000
U( 4)     =  0.00000000
alpha( 4) =  0.00000000
atom    1   Tr[ns(na)] =   8.03261
    eigenvalues: 
  0.567  0.567  0.960  0.961  0.961
    eigenvectors:
  0.000  0.000  1.000  0.000  0.000
  0.332  0.324  0.000  0.004  0.340
  0.324  0.332  0.000  0.340  0.004
  0.286  0.058  0.000  0.514  0.141
  0.058  0.286  0.000  0.141  0.514
    occupations:
  0.960  0.000  0.000  0.000  0.000
  0.000  0.703  0.000 -0.067  0.174
  0.000  0.000  0.703  0.174  0.067
  0.000 -0.067  0.174  0.825  0.000
  0.000  0.174  0.067  0.000  0.825
atom    2   Tr[ns(na)] =   8.04642
    eigenvalues: 
  0.568  0.568  0.961  0.963  0.963
    eigenvectors:
  0.000  0.000  1.000  0.000  0.000
  0.638  0.017  0.000  0.220  0.124
  0.017  0.638  0.000  0.124  0.220
  0.014  0.330  0.000  0.471  0.185
  0.330  0.014  0.000  0.185  0.471
    occupations:
  0.961  0.000  0.000  0.000  0.000
  0.000  0.704  0.000  0.067  0.175
  0.000  0.000  0.704  0.175 -0.067
  0.000  0.067  0.175  0.827  0.000
  0.000  0.175 -0.067  0.000  0.827
atom    3   Tr[ns(na)] =   3.79923
    eigenvalues: 
  0.356  0.356  0.383  0.403  0.403
    eigenvectors:
  0.000  0.000  1.000  0.000  0.000
  0.782  0.139  0.000  0.012  0.068
  0.139  0.782  0.000  0.068  0.012
  0.012  0.067  0.000  0.780  0.141
  0.067  0.012  0.000  0.141  0.780
    occupations:
  0.383  0.000  0.000  0.000  0.000
  0.000  0.359  0.000  0.000  0.013
  0.000  0.000  0.359  0.013  0.000
  0.000  0.000  0.013  0.399  0.000
  0.000  0.013  0.000  0.000  0.399
atom    4   Tr[ns(na)] =   3.79923
    eigenvalues: 
  0.356  0.356  0.383  0.403  0.403
    eigenvectors:
  0.000  0.000  1.000  0.000  0.000
  0.782  0.139  0.000  0.012  0.068
  0.139  0.782  0.000  0.068  0.012
  0.012  0.067  0.000  0.780  0.141
  0.067  0.012  0.000  0.141  0.780
    occupations:
  0.383  0.000  0.000  0.000  0.000
  0.000  0.359  0.000  0.000  0.013
  0.000  0.000  0.359  0.013  0.000
  0.000  0.000  0.013  0.399  0.000
  0.000  0.013  0.000  0.000  0.399
atom    5   Tr[ns(na)] =   5.43208
    eigenvalues: 
  0.844  0.929  0.943
    eigenvectors:
  0.339  0.000  0.661
  0.496  0.249  0.255
  0.165  0.751  0.084
    occupations:
  0.909  0.041  0.023
  0.041  0.890 -0.022
  0.023 -0.022  0.916
atom    6   Tr[ns(na)] =   5.43208
    eigenvalues: 
  0.844  0.929  0.943
    eigenvectors:
  0.339  0.000  0.661
  0.000  1.000  0.000
  0.661  0.000  0.339
    occupations:
  0.909  0.000 -0.047
  0.000  0.929  0.000
 -0.047  0.000  0.877
atom    7   Tr[ns(na)] =   5.43208
    eigenvalues: 
  0.844  0.929  0.943
    eigenvectors:
  0.339  0.000  0.661
  0.495  0.251  0.254
  0.166  0.749  0.085
    occupations:
  0.909 -0.041  0.023
 -0.041  0.890  0.022
  0.023  0.022  0.916
atom    8   Tr[ns(na)] =   5.43208
    eigenvalues: 
  0.844  0.929  0.943
    eigenvectors:
  0.339  0.000  0.661
  0.000  1.000  0.000
  0.661  0.000  0.339
    occupations:
  0.909  0.000 -0.047
  0.000  0.929  0.000
 -0.047  0.000  0.877
atom    9   Tr[ns(na)] =   5.43208
    eigenvalues: 
  0.844  0.929  0.943
    eigenvectors:
  0.339  0.000  0.661
  0.496  0.249  0.255
  0.165  0.751  0.084
    occupations:
  0.909  0.041  0.023
  0.041  0.890 -0.022
  0.023 -0.022  0.916
atom   10   Tr[ns(na)] =   5.43208
    eigenvalues: 
  0.844  0.929  0.943
    eigenvectors:
  0.339  0.000  0.661
  0.495  0.251  0.254
  0.166  0.749  0.085
    occupations:
  0.909 -0.041  0.023
 -0.041  0.890  0.022
  0.023  0.022  0.916
N of occupied +U levels =  56.2699749
 --- exit write_ns ---
 --- in v_hubbard ---
Hubbard energy    0.1473
 -------

     total cpu time spent up to now is       75.7 secs

     total energy              =    -538.18196439 Ry
     Harris-Foulkes estimate   =    -538.18196433 Ry
     estimated scf accuracy    <       0.00090217 Ry

     iteration #  5     ecut=    30.00 Ry     beta=0.20
     Davidson diagonalization with overlap
     ethr =  1.19E-06,  avg # of iterations =  1.0
 --- enter write_ns ---
 LDA+U parameters:
U( 1)     =  1.00000000
alpha( 1) =  0.10000000
U( 2)     =  1.00000000
alpha( 2) =  0.00000000
U( 3)     =  0.00000000
alpha( 3) =  0.00000000
U( 4)     =  0.00000000
alpha( 4) =  0.00000000
atom    1   Tr[ns(na)] =   8.03244
    eigenvalues: 
  0.567  0.567  0.960  0.962  0.962
    eigenvectors:
  0.000  0.000  1.000  0.000  0.000
  0.334  0.323  0.000  0.004  0.339
  0.323  0.334  0.000  0.339  0.004
  0.285  0.058  0.000  0.515  0.141
  0.058  0.285  0.000  0.141  0.515
    occupations:
  0.960  0.000  0.000  0.000  0.000
  0.000  0.702  0.000 -0.068  0.175
  0.000  0.000  0.702  0.175  0.068
  0.000 -0.068  0.175  0.826  0.000
  0.000  0.175  0.068  0.000  0.826
atom    2   Tr[ns(na)] =   8.04353
    eigenvalues: 
  0.567  0.567  0.961  0.963  0.963
    eigenvectors:
  0.000  0.000  1.000  0.000  0.000
  0.639  0.018  0.000  0.219  0.124
  0.018  0.639  0.000  0.124  0.219
  0.014  0.329  0.000  0.472  0.185
  0.329  0.014  0.000  0.185  0.472
    occupations:
  0.961  0.000  0.000  0.000  0.000
  0.000  0.703  0.000  0.068  0.176
  0.000  0.000  0.703  0.176 -0.068
  0.000  0.068  0.176  0.827  0.000
  0.000  0.176 -0.068  0.000  0.827
atom    3   Tr[ns(na)] =   3.79929
    eigenvalues: 
  0.356  0.356  0.383  0.403  0.403
    eigenvectors:
  0.000  0.000  1.000  0.000  0.000
  0.782  0.139  0.000  0.012  0.067
  0.139  0.782  0.000  0.067  0.012
  0.012  0.066  0.000  0.781  0.141
  0.066  0.012  0.000  0.141  0.781
    occupations:
  0.383  0.000  0.000  0.000  0.000
  0.000  0.359  0.000  0.000  0.013
  0.000  0.000  0.359  0.013  0.000
  0.000  0.000  0.013  0.399  0.000
  0.000  0.013  0.000  0.000  0.399
atom    4   Tr[ns(na)] =   3.79929
    eigenvalues: 
  0.356  0.356  0.383  0.403  0.403
    eigenvectors:
  0.000  0.000  1.000  0.000  0.000
  0.783  0.139  0.000  0.012  0.067
  0.139  0.783  0.000  0.067  0.012
  0.012  0.066  0.000  0.781  0.141
  0.066  0.012  0.000  0.141  0.781
    occupations:
  0.383  0.000  0.000  0.000  0.000
  0.000  0.359  0.000  0.000  0.013
  0.000  0.000  0.359  0.013  0.000
  0.000  0.000  0.013  0.399  0.000
  0.000  0.013  0.000  0.000  0.399
atom    5   Tr[ns(na)] =   5.43241
    eigenvalues: 
  0.844  0.929  0.943
    eigenvectors:
  0.339  0.000  0.661
  0.496  0.249  0.255
  0.165  0.751  0.084
    occupations:
  0.909  0.040  0.023
  0.040  0.890 -0.022
  0.023 -0.022  0.916
atom    6   Tr[ns(na)] =   5.43241
    eigenvalues: 
  0.844  0.929  0.943
    eigenvectors:
  0.339  0.000  0.661
  0.000  1.000  0.000
  0.661  0.000  0.339
    occupations:
  0.909  0.000 -0.047
  0.000  0.929  0.000
 -0.047  0.000  0.878
atom    7   Tr[ns(na)] =   5.43241
    eigenvalues: 
  0.844  0.929  0.943
    eigenvectors:
  0.339  0.000  0.661
  0.495  0.251  0.254
  0.166  0.749  0.085
    occupations:
  0.909 -0.040  0.023
 -0.040  0.891  0.022
  0.023  0.022  0.916
atom    8   Tr[ns(na)] =   5.43241
    eigenvalues: 
  0.844  0.929  0.943
    eigenvectors:
  0.339  0.000  0.661
  0.000  1.000  0.000
  0.661  0.000  0.339
    occupations:
  0.909  0.000 -0.047
  0.000  0.929  0.000
 -0.047  0.000  0.878
atom    9   Tr[ns(na)] =   5.43241
    eigenvalues: 
  0.844  0.929  0.943
    eigenvectors:
  0.339  0.000  0.661
  0.496  0.249  0.255
  0.165  0.751  0.084
    occupations:
  0.909  0.040  0.023
  0.040  0.890 -0.022
  0.023 -0.022  0.916
atom   10   Tr[ns(na)] =   5.43241
    eigenvalues: 
  0.844  0.929  0.943
    eigenvectors:
  0.339  0.000  0.661
  0.495  0.251  0.254
  0.166  0.749  0.085
    occupations:
  0.909 -0.040  0.023
 -0.040  0.891  0.022
  0.023  0.022  0.916
N of occupied +U levels =  56.2690337
 --- exit write_ns ---
 --- in v_hubbard ---
Hubbard energy    0.1475
 -------

     total cpu time spent up to now is       87.5 secs

     total energy              =    -538.18200099 Ry
     Harris-Foulkes estimate   =    -538.18197521 Ry
     estimated scf accuracy    <       0.00000636 Ry

     iteration #  6     ecut=    30.00 Ry     beta=0.20
     Davidson diagonalization with overlap
     ethr =  8.36E-09,  avg # of iterations =  3.3
 --- enter write_ns ---
 LDA+U parameters:
U( 1)     =  1.00000000
alpha( 1) =  0.10000000
U( 2)     =  1.00000000
alpha( 2) =  0.00000000
U( 3)     =  0.00000000
alpha( 3) =  0.00000000
U( 4)     =  0.00000000
alpha( 4) =  0.00000000
atom    1   Tr[ns(na)] =   8.03157
    eigenvalues: 
  0.566  0.566  0.960  0.962  0.962
    eigenvectors:
  0.000  0.000  1.000  0.000  0.000
  0.333  0.323  0.000  0.004  0.340
  0.323  0.333  0.000  0.340  0.004
  0.286  0.058  0.000  0.515  0.141
  0.058  0.286  0.000  0.141  0.515
    occupations:
  0.960  0.000  0.000  0.000  0.000
  0.000  0.702  0.000 -0.068  0.175
  0.000  0.000  0.702  0.175  0.068
  0.000 -0.068  0.175  0.826  0.000
  0.000  0.175  0.068  0.000  0.826
atom    2   Tr[ns(na)] =   8.04351
    eigenvalues: 
