   JOB DONE.
=------------------------------------------------------------------------------=

     Program PWSCF v.5.0.1 starts on 11Nov2012 at 14:49: 5 

     This program is part of the open-source Quantum ESPRESSO suite
     for quantum simulation of materials; please cite
         "P. Giannozzi et al., J. Phys.:Condens. Matter 21 395502 (2009);
          URL http://www.quantum-espresso.org", 
     in publications or presentations arising from this work. More details at
     http://www.quantum-espresso.org/quote.php

     Parallel version (MPI), running on     2 processors
     R & G space division:  proc/pool =    2

     Current dimensions of program PWSCF are:
     Max number of different atomic species (ntypx) = 10
     Max number of k-points (npk) =  40000
     Max angular momentum in pseudopotentials (lmaxx) =  3
     Reading input from CoLaO_U100_a5.in
               file Co.pbe-nd-rrkjus.UPF: wavefunction(s)  4S 3D renormalized
               file O.pbe-rrkjus.UPF: wavefunction(s)  2S renormalized

     Subspace diagonalization in iterative solution of the eigenvalue problem:
     a serial algorithm will be used


     Parallelization info
     --------------------
     sticks:   dense  smooth     PW     G-vecs:    dense   smooth      PW
     Min        1112     444    131                34808     8786    1448
     Max        1113     445    132                34809     8787    1449
     Sum        2225     889    263                69617    17573    2897


     Title: 
     GGA + U, U = 1.000, alpha = 0.050                                          


     bravais-lattice index     =            5
     lattice parameter (alat)  =      10.3292  a.u.
     unit-cell volume          =     793.0599 (a.u.)^3
     number of atoms/cell      =           10
     number of atomic types    =            4
     number of electrons       =        76.00
     number of Kohn-Sham states=           46
     kinetic-energy cutoff     =      30.0000  Ry
     charge density cutoff     =     300.0000  Ry
     convergence threshold     =      1.0E-08
     mixing beta               =       0.2000
     number of iterations used =            8  plain     mixing
     Exchange-correlation      =  SLA  PW   PBE  PBE ( 1 4 3 4 0)
     EXX-fraction              =        0.00

     celldm(1)=  10.329242  celldm(2)=   0.000000  celldm(3)=   0.000000
     celldm(4)=   0.488100  celldm(5)=   0.000000  celldm(6)=   0.000000

     crystal axes: (cart. coord. in units of alat)
               a(1) = (   0.505915  -0.292090   0.811624 )  
               a(2) = (   0.000000   0.584180   0.811624 )  
               a(3) = (  -0.505915  -0.292090   0.811624 )  

     reciprocal axes: (cart. coord. in units 2 pi/alat)
               b(1) = (  0.988308 -0.570600  0.410699 )  
               b(2) = (  0.000000  1.141200  0.410699 )  
               b(3) = ( -0.988308 -0.570600  0.410699 )  


     PseudoPot. # 1 for Co read from file:
     /home/mcurnan/dft-course/Project1/example_LaCoO3/Co.pbe-nd-rrkjus.UPF
     MD5 check sum: 3e47a84addf5e975e0edeaeee2a73f59
     Pseudo is Ultrasoft + core correction, Zval =  9.0
     Generated by new atomic code, or converted to UPF format
     Using radial grid of  961 points,  6 beta functions with: 
                l(1) =   0
                l(2) =   0
                l(3) =   1
                l(4) =   1
                l(5) =   2
                l(6) =   2
     Q(r) pseudized with 0 coefficients 


     PseudoPot. # 2 for La read from file:
     /home/mcurnan/dft-course/Project1/example_LaCoO3/La.pbe-nsp-van.UPF
     MD5 check sum: b2f11743f52dde65f77d1302becd7929
     Pseudo is Ultrasoft + core correction, Zval = 11.0
     Generated by new atomic code, or converted to UPF format
     Using radial grid of  907 points,  6 beta functions with: 
                l(1) =   0
                l(2) =   0
                l(3) =   1
                l(4) =   1
                l(5) =   2
                l(6) =   2
     Q(r) pseudized with  6 coefficients,  rinner =    1.200   1.200   1.200
                                                       1.200   1.200

     PseudoPot. # 3 for La read from file:
     /home/mcurnan/dft-course/Project1/example_LaCoO3/La.pbe-nsp-van.UPF
     MD5 check sum: b2f11743f52dde65f77d1302becd7929
     Pseudo is Ultrasoft + core correction, Zval = 11.0
     Generated by new atomic code, or converted to UPF format
     Using radial grid of  907 points,  6 beta functions with: 
                l(1) =   0
                l(2) =   0
                l(3) =   1
                l(4) =   1
                l(5) =   2
                l(6) =   2
     Q(r) pseudized with  6 coefficients,  rinner =    1.200   1.200   1.200
                                                       1.200   1.200

     PseudoPot. # 4 for O  read from file:
     /home/mcurnan/dft-course/Project1/example_LaCoO3/O.pbe-rrkjus.UPF
     MD5 check sum: 390ba29e75625707450f3bd3f0eb6be9
     Pseudo is Ultrasoft, Zval =  6.0
     Generated by new atomic code, or converted to UPF format
     Using radial grid of 1269 points,  4 beta functions with: 
                l(1) =   0
                l(2) =   0
                l(3) =   1
                l(4) =   1
     Q(r) pseudized with 0 coefficients 


     atomic species   valence    mass     pseudopotential
        Co1            9.00     1.00000     Co( 1.00)
        La1           11.00     1.00000     La( 1.00)
        La2           11.00     1.00000     La( 1.00)
        O1             6.00     1.00000     O ( 1.00)
 -----
     simplified LDA+U calculation, Hubbard_lmax = 2
     atomic species  L   Hubbard U  Hubbard alpha
        Co1          2    1.000000    0.000000
        La1          2    0.000000    0.050000
        La2          2    0.000000    0.000000
        O1           1    0.000000    0.000000
 -----

      3 Sym. Ops. (no inversion) found


                                    s                        frac. trans.

      isym =  1     identity                                     

 cryst.   s( 1) = (     1          0          0      )
                  (     0          1          0      )
                  (     0          0          1      )

 cart.    s( 1) = (  1.0000000  0.0000000  0.0000000 )
                  (  0.0000000  1.0000000  0.0000000 )
                  (  0.0000000  0.0000000  1.0000000 )


      isym =  2     120 deg rotation - cryst. axis [0,0,1]       

 cryst.   s( 2) = (     0          1          0      )
                  (     0          0          1      )
                  (     1          0          0      )

 cart.    s( 2) = ( -0.5000000 -0.8660254  0.0000000 )
                  (  0.8660254 -0.5000000  0.0000000 )
                  (  0.0000000  0.0000000  1.0000000 )


      isym =  3     120 deg rotation - cryst. axis [0,0,-1]      

 cryst.   s( 3) = (     0          0          1      )
                  (     1          0          0      )
                  (     0          1          0      )

 cart.    s( 3) = ( -0.5000000  0.8660254  0.0000000 )
                  ( -0.8660254 -0.5000000  0.0000000 )
                  (  0.0000000  0.0000000  1.0000000 )


     point group C_3 (3)    
     there are  3 classes
     the character table:

       E     C3    C3^2 
A      1.00  1.00  1.00
E      1.00 -0.50 -0.50
E*     1.00 -0.50 -0.50
     imaginary part
A      0.00  0.00  0.00
E      0.00  0.87 -0.87
E*     0.00 -0.87  0.87

     the symmetry operations in each class:
     E        1
     C3       2
     C3^2     3

   Cartesian axes

     site n.     atom                  positions (alat units)
         1           Co1 tau(   1) = (   0.0000000   0.0000000   1.8261537  )
         2           Co1 tau(   2) = (   0.0000000   0.0000000   0.6087179  )
         3           La1 tau(   3) = (   0.0000000   0.0000000   0.0000000  )
         4           La2 tau(   4) = (   0.0000000   0.0000000   1.2174358  )
         5           O1  tau(   5) = (   0.2831100  -0.0928263   1.6236536  )
         6           O1  tau(   6) = (  -0.2219449  -0.1987674   1.6236536  )
         7           O1  tau(   7) = (  -0.0611651   0.2915936   1.6236536  )
         8           O1  tau(   8) = (   0.2228050   0.3849164   1.2170300  )
         9           O1  tau(   9) = (   0.2219449  -0.3854130   1.2170300  )
        10           O1  tau(  10) = (  -0.4447499   0.0004966   1.2170300  )

   Crystallographic axes

     site n.     atom                  positions (cryst. coord.)
         1           Co1 tau(   1) = (  0.7500000  0.7500000  0.7500000  )
         2           Co1 tau(   2) = (  0.2500000  0.2500000  0.2500000  )
         3           La1 tau(   3) = (  0.0000000  0.0000000  0.0000000  )
         4           La2 tau(   4) = (  0.5000000  0.5000000  0.5000000  )
         5           O1  tau(   5) = (  0.9996000  0.5609000  0.4400000  )
         6           O1  tau(   6) = (  0.5609000  0.4400000  0.9996000  )
         7           O1  tau(   7) = (  0.4400000  0.9996000  0.5609000  )
         8           O1  tau(   8) = (  0.5004000  0.9391000  0.0600000  )
         9           O1  tau(   9) = (  0.9391000  0.0600000  0.5004000  )
        10           O1  tau(  10) = (  0.0600000  0.5004000  0.9391000  )

     number of k points=    14  gaussian smearing, width (Ry)=  0.0300
                       cart. coord. in units 2pi/alat
        k(    1) = (   0.0000000   0.0000000   0.0000000), wk =   0.0312500
        k(    2) = (  -0.2470771  -0.1426500   0.1026748), wk =   0.1875000
        k(    3) = (   0.4941541   0.2853000  -0.2053496), wk =   0.0937500
        k(    4) = (  -0.2470771   0.1426500   0.2053496), wk =   0.1875000
        k(    5) = (   0.4941541   0.5706001  -0.1026748), wk =   0.1875000
        k(    6) = (   0.2470771   0.4279500   0.0000000), wk =   0.1875000
        k(    7) = (   0.4941541  -0.2853000  -0.4106993), wk =   0.0937500
        k(    8) = (   0.0000000   0.0000000   0.3080244), wk =   0.0625000
        k(    9) = (   0.7412312   0.4279500   0.0000000), wk =   0.1875000
        k(   10) = (   0.4941541   0.2853000   0.1026748), wk =   0.1875000
        k(   11) = (   0.7412312  -0.4279500  -0.3080244), wk =   0.1875000
        k(   12) = (   0.4941541  -0.5706001  -0.2053496), wk =   0.1875000
        k(   13) = (   0.0000000   0.0000000  -0.6160489), wk =   0.0312500
        k(   14) = (   0.4941541  -0.5706001   0.1026748), wk =   0.1875000

                       cryst. coord.
        k(    1) = (   0.0000000   0.0000000   0.0000000), wk =   0.0312500
        k(    2) = (   0.0000000   0.0000000   0.2500000), wk =   0.1875000
        k(    3) = (   0.0000000   0.0000000  -0.5000000), wk =   0.0937500
        k(    4) = (   0.0000000   0.2500000   0.2500000), wk =   0.1875000
        k(    5) = (   0.0000000   0.2500000  -0.5000000), wk =   0.1875000
        k(    6) = (   0.0000000   0.2500000  -0.2500000), wk =   0.1875000
        k(    7) = (   0.0000000  -0.5000000  -0.5000000), wk =   0.0937500
        k(    8) = (   0.2500000   0.2500000   0.2500000), wk =   0.0625000
        k(    9) = (   0.2500000   0.2500000  -0.5000000), wk =   0.1875000
        k(   10) = (   0.2500000   0.2500000  -0.2500000), wk =   0.1875000
        k(   11) = (   0.2500000  -0.5000000  -0.5000000), wk =   0.1875000
        k(   12) = (   0.2500000  -0.5000000  -0.2500000), wk =   0.1875000
        k(   13) = (  -0.5000000  -0.5000000  -0.5000000), wk =   0.0312500
        k(   14) = (   0.5000000  -0.2500000   0.0000000), wk =   0.1875000

     Dense  grid:    69617 G-vectors     FFT dimensions: (  60,  60,  60)

     Smooth grid:    17573 G-vectors     FFT dimensions: (  40,  40,  40)

     Largest allocated arrays     est. size (Mb)     dimensions
        Kohn-Sham Wavefunctions         0.78 Mb     (   1117,   46)
        Atomic wavefunctions            1.06 Mb     (   1117,   62)
        NL pseudopotentials             2.05 Mb     (   1117,  120)
        Each V/rho on FFT grid          1.65 Mb     ( 108000)
        Each G-vector array             0.27 Mb     (  34808)
        G-vector shells                 0.04 Mb     (   4682)
     Largest temporary arrays     est. size (Mb)     dimensions
        Auxiliary wavefunctions         3.14 Mb     (   1117,  184)
        Each subspace H/S matrix        0.52 Mb     ( 184, 184)
        Each <psi_i|beta_j> matrix      0.08 Mb     (    120,   46)
        Arrays for rho mixing          13.18 Mb     ( 108000,   8)

     Check: negative/imaginary core charge=   -0.000028    0.000000

     The initial density is read from file :
     /home/mcurnan/dft-course/Project1/example_LaCoO3/100/La/alpha/CoLaO_U100.save/charge-density.dat

 --- in v_hubbard ---
Hubbard energy    0.1097
 -------
     Number of +U iterations with fixed ns =  0
     Starting occupations:
 --- enter write_ns ---
 LDA+U parameters:
U( 1)     =  1.00000000
alpha( 1) =  0.00000000
U( 2)     =  0.00000000
alpha( 2) =  0.05000000
U( 3)     =  0.00000000
alpha( 3) =  0.00000000
U( 4)     =  0.00000000
alpha( 4) =  0.00000000
atom    1   Tr[ns(na)] =   8.02205
    eigenvalues: 
  0.596  0.596  0.938  0.941  0.941
    eigenvectors:
  0.000  0.000  1.000  0.000  0.000
  0.334  0.321  0.000  0.004  0.341
  0.321  0.334  0.000  0.341  0.004
  0.288  0.057  0.000  0.515  0.140
  0.057  0.288  0.000  0.140  0.515
    occupations:
  0.938  0.000  0.000  0.000  0.000
  0.000  0.715  0.000 -0.060  0.152
  0.000  0.000  0.715  0.152  0.060
  0.000 -0.060  0.152  0.822  0.000
  0.000  0.152  0.060  0.000  0.822
atom    2   Tr[ns(na)] =   8.02143
    eigenvalues: 
  0.595  0.595  0.938  0.941  0.941
    eigenvectors:
  0.000  0.000  1.000  0.000  0.000
  0.638  0.017  0.000  0.223  0.122
  0.017  0.638  0.000  0.122  0.223
  0.015  0.330  0.000  0.470  0.185
  0.330  0.015  0.000  0.185  0.470
    occupations:
  0.938  0.000  0.000  0.000  0.000
  0.000  0.715  0.000  0.060  0.153
  0.000  0.000  0.715  0.153 -0.060
  0.000  0.060  0.153  0.822  0.000
  0.000  0.153 -0.060  0.000  0.822
atom    3   Tr[ns(na)] =   3.80283
    eigenvalues: 
  0.355  0.355  0.384  0.403  0.403
    eigenvectors:
  0.000  0.000  1.000  0.000  0.000
  0.781  0.140  0.000  0.012  0.068
  0.140  0.781  0.000  0.068  0.012
  0.013  0.067  0.000  0.780  0.140
  0.067  0.013  0.000  0.140  0.780
    occupations:
  0.384  0.000  0.000  0.000  0.000
  0.000  0.359  0.000  0.000  0.013
  0.000  0.000  0.359  0.013  0.000
  0.000  0.000  0.013  0.399  0.000
  0.000  0.013  0.000  0.000  0.399
atom    4   Tr[ns(na)] =   3.80283
    eigenvalues: 
  0.355  0.355  0.384  0.403  0.403
    eigenvectors:
  0.000  0.000  1.000  0.000  0.000
  0.781  0.140  0.000  0.012  0.068
  0.140  0.781  0.000  0.068  0.012
  0.013  0.067  0.000  0.780  0.140
  0.067  0.013  0.000  0.140  0.780
    occupations:
  0.384  0.000  0.000  0.000  0.000
  0.000  0.359  0.000  0.000  0.013
  0.000  0.000  0.359  0.013  0.000
  0.000  0.000  0.013  0.399  0.000
  0.000  0.013  0.000  0.000  0.399
atom    5   Tr[ns(na)] =   5.43358
    eigenvalues: 
  0.846  0.929  0.941
    eigenvectors:
  0.340  0.000  0.660
  0.496  0.250  0.255
  0.164  0.750  0.086
    occupations:
  0.909 -0.039  0.022
 -0.039  0.891  0.022
  0.022  0.022  0.917
atom    6   Tr[ns(na)] =   5.43358
    eigenvalues: 
  0.846  0.929  0.941
    eigenvectors:
  0.340  0.000  0.660
  0.494  0.250  0.256
  0.166  0.750  0.085
    occupations:
  0.909  0.039  0.022
  0.039  0.891 -0.022
  0.022 -0.022  0.917
atom    7   Tr[ns(na)] =   5.43358
    eigenvalues: 
  0.846  0.929  0.941
    eigenvectors:
  0.340  0.000  0.660
  0.000  1.000  0.000
  0.660  0.000  0.340
    occupations:
  0.909  0.000 -0.045
  0.000  0.929  0.000
 -0.045  0.000  0.879
atom    8   Tr[ns(na)] =   5.43358
    eigenvalues: 
  0.846  0.929  0.941
    eigenvectors:
  0.340  0.000  0.660
  0.496  0.250  0.255
  0.164  0.750  0.086
    occupations:
  0.909 -0.039  0.022
 -0.039  0.891  0.022
  0.022  0.022  0.917
atom    9   Tr[ns(na)] =   5.43358
    eigenvalues: 
  0.846  0.929  0.941
    eigenvectors:
  0.340  0.000  0.660
  0.494  0.250  0.256
  0.166  0.750  0.085
    occupations:
  0.909  0.039  0.022
  0.039  0.891 -0.022
  0.022 -0.022  0.917
atom   10   Tr[ns(na)] =   5.43358
    eigenvalues: 
  0.846  0.929  0.941
    eigenvectors:
  0.340  0.000  0.660
  0.000  1.000  0.000
  0.660  0.000  0.340
    occupations:
  0.909  0.000 -0.045
  0.000  0.929  0.000
 -0.045  0.000  0.879
N of occupied +U levels =  56.2506014
 --- exit write_ns ---
 LDA+U Projector read from file 
     Starting wfc from file

     total cpu time spent up to now is        8.2 secs

     per-process dynamical memory:    47.1 Mb

     Self-consistent Calculation

     iteration #  1     ecut=    30.00 Ry     beta=0.20
     Davidson diagonalization with overlap
     c_bands:  1 eigenvalues not converged
     c_bands:  1 eigenvalues not converged
     c_bands:  1 eigenvalues not converged
     c_bands:  1 eigenvalues not converged
     c_bands:  1 eigenvalues not converged
     c_bands:  1 eigenvalues not converged
     c_bands:  1 eigenvalues not converged
     c_bands:  1 eigenvalues not converged
     c_bands:  1 eigenvalues not converged
     ethr =  1.00E-10,  avg # of iterations = 17.8
 --- enter write_ns ---
 LDA+U parameters:
U( 1)     =  1.00000000
alpha( 1) =  0.00000000
U( 2)     =  0.00000000
alpha( 2) =  0.05000000
U( 3)     =  0.00000000
alpha( 3) =  0.00000000
U( 4)     =  0.00000000
alpha( 4) =  0.00000000
atom    1   Tr[ns(na)] =   8.07715
    eigenvalues: 
  0.577  0.577  0.961  0.962  0.962
    eigenvectors:
  0.000  0.000  1.000  0.000  0.000
  0.331  0.323  0.000  0.005  0.341
  0.323  0.331  0.000  0.341  0.005
  0.287  0.059  0.000  0.513  0.142
  0.059  0.287  0.000  0.142  0.513
    occupations:
  0.961  0.000  0.000  0.000  0.000
  0.000  0.710  0.000 -0.066  0.171
  0.000  0.000  0.710  0.171  0.066
  0.000 -0.066  0.171  0.829  0.000
  0.000  0.171  0.066  0.000  0.829
atom    2   Tr[ns(na)] =   8.07394
    eigenvalues: 
  0.576  0.576  0.961  0.962  0.962
    eigenvectors:
  0.000  0.000  1.000  0.000  0.000
  0.635  0.019  0.000  0.220  0.126
  0.019  0.635  0.000  0.126  0.220
  0.012  0.333  0.000  0.469  0.185
  0.333  0.012  0.000  0.185  0.469
    occupations:
  0.961  0.000  0.000  0.000  0.000
  0.000  0.709  0.000  0.065  0.172
  0.000  0.000  0.709  0.172 -0.065
  0.000  0.065  0.172  0.829  0.000
  0.000  0.172 -0.065  0.000  0.829
atom    3   Tr[ns(na)] =   3.78147
    eigenvalues: 
  0.354  0.354  0.382  0.401  0.401
    eigenvectors:
  0.000  0.000  1.000  0.000  0.000
  0.779  0.140  0.000  0.012  0.069
  0.140  0.779  0.000  0.069  0.012
  0.013  0.068  0.000  0.778  0.141
  0.068  0.013  0.000  0.141  0.778
    occupations:
  0.382  0.000  0.000  0.000  0.000
  0.000  0.358  0.000  0.000  0.013
  0.000  0.000  0.358  0.013  0.000
  0.000  0.000  0.013  0.397  0.000
  0.000  0.013  0.000  0.000  0.397
atom    4   Tr[ns(na)] =   3.79893
    eigenvalues: 
  0.356  0.356  0.383  0.403  0.403
    eigenvectors:
  0.000  0.000  1.000  0.000  0.000
  0.780  0.140  0.000  0.012  0.068
  0.140  0.780  0.000  0.068  0.012
  0.013  0.067  0.000  0.779  0.141
  0.067  0.013  0.000  0.141  0.779
    occupations:
  0.383  0.000  0.000  0.000  0.000
  0.000  0.359  0.000  0.000  0.013
  0.000  0.000  0.359  0.013  0.000
  0.000  0.000  0.013  0.399  0.000
  0.000  0.013  0.000  0.000  0.399
atom    5   Tr[ns(na)] =   5.42263
    eigenvalues: 
  0.841  0.928  0.942
    eigenvectors:
  0.340  0.000  0.660
  0.495  0.250  0.255
  0.164  0.750  0.086
    occupations:
  0.908 -0.042  0.024
 -0.042  0.889  0.023
  0.024  0.023  0.915
atom    6   Tr[ns(na)] =   5.42263
    eigenvalues: 
  0.841  0.928  0.942
    eigenvectors:
  0.340  0.000  0.660
  0.494  0.250  0.256
  0.165  0.750  0.085
    occupations:
  0.908  0.042  0.024
  0.042  0.889 -0.023
  0.024 -0.023  0.915
atom    7   Tr[ns(na)] =   5.42263
    eigenvalues: 
  0.841  0.928  0.942
    eigenvectors:
  0.340  0.000  0.660
  0.000  1.000  0.000
  0.660  0.000  0.340
    occupations:
  0.908  0.000 -0.048
  0.000  0.928  0.000
 -0.048  0.000  0.875
atom    8   Tr[ns(na)] =   5.42255
    eigenvalues: 
  0.841  0.928  0.942
    eigenvectors:
  0.340  0.000  0.660
  0.495  0.250  0.255
  0.164  0.750  0.086
    occupations:
  0.908 -0.042  0.024
 -0.042  0.889  0.023
  0.024  0.023  0.915
atom    9   Tr[ns(na)] =   5.42255
    eigenvalues: 
  0.841  0.928  0.942
    eigenvectors:
  0.340  0.000  0.660
  0.494  0.250  0.256
  0.165  0.750  0.085
    occupations:
  0.908  0.042  0.024
  0.042  0.889 -0.023
  0.024 -0.023  0.915
atom   10   Tr[ns(na)] =   5.42255
    eigenvalues: 
  0.841  0.928  0.942
    eigenvectors:
  0.340  0.000  0.660
  0.000  1.000  0.000
  0.660  0.000  0.340
    occupations:
  0.908  0.000 -0.048
  0.000  0.928  0.000
 -0.048  0.000  0.875
N of occupied +U levels =  56.2670476
 --- exit write_ns ---
 --- in v_hubbard ---
Hubbard energy    0.1082
 -------

     total cpu time spent up to now is       42.6 secs

     total energy              =    -538.22661833 Ry
     Harris-Foulkes estimate   =    -538.22735986 Ry
     estimated scf accuracy    <       0.00388889 Ry

     iteration #  2     ecut=    30.00 Ry     beta=0.20
     Davidson diagonalization with overlap
     ethr =  5.12E-06,  avg # of iterations =  1.6
 --- enter write_ns ---
 LDA+U parameters:
U( 1)     =  1.00000000
alpha( 1) =  0.00000000
U( 2)     =  0.00000000
alpha( 2) =  0.05000000
U( 3)     =  0.00000000
alpha( 3) =  0.00000000
U( 4)     =  0.00000000
alpha( 4) =  0.00000000
atom    1   Tr[ns(na)] =   8.02851
    eigenvalues: 
  0.566  0.566  0.960  0.961  0.961
    eigenvectors:
  0.000  0.000  1.000  0.000  0.000
  0.332  0.323  0.000  0.004  0.340
  0.323  0.332  0.000  0.340  0.004
  0.286  0.058  0.000  0.514  0.141
  0.058  0.286  0.000  0.141  0.514
    occupations:
  0.960  0.000  0.000  0.000  0.000
  0.000  0.702  0.000 -0.068  0.175
  0.000  0.000  0.702  0.175  0.068
  0.000 -0.068  0.175  0.825  0.000
  0.000  0.175  0.068  0.000  0.825
atom    2   Tr[ns(na)] =   8.03663
    eigenvalues: 
  0.566  0.566  0.961  0.963  0.963
    eigenvectors:
  0.000  0.000  1.000  0.000  0.000
  0.637  0.019  0.000  0.220  0.124
  0.019  0.637  0.000  0.124  0.220
  0.013  0.332  0.000  0.470  0.185
  0.332  0.013  0.000  0.185  0.470
    occupations:
  0.961  0.000  0.000  0.000  0.000
  0.000  0.703  0.000  0.068  0.176
  0.000  0.000  0.703  0.176 -0.068
  0.000  0.068  0.176  0.826  0.000
  0.000  0.176 -0.068  0.000  0.826
atom    3   Tr[ns(na)] =   3.78197
    eigenvalues: 
  0.354  0.354  0.382  0.401  0.401
    eigenvectors:
  0.000  0.000  1.000  0.000  0.000
  0.780  0.140  0.000  0.012  0.069
  0.140  0.780  0.000  0.069  0.012
  0.013  0.068  0.000  0.779  0.141
  0.068  0.013  0.000  0.141  0.779
    occupations:
  0.382  0.000  0.000  0.000  0.000
  0.000  0.357  0.000  0.000  0.013
  0.000  0.000  0.357  0.013  0.000
  0.000  0.000  0.013  0.397  0.000
  0.000  0.013  0.000  0.000  0.397
atom    4   Tr[ns(na)] =   3.79841
    eigenvalues: 
  0.355  0.355  0.383  0.403  0.403
    eigenvectors:
  0.000  0.000  1.000  0.000  0.000
  0.781  0.140  0.000  0.012  0.068
  0.140  0.781  0.000  0.068  0.012
  0.013  0.067  0.000  0.780  0.140
  0.067  0.013  0.000  0.140  0.780
    occupations:
  0.383  0.000  0.000  0.000  0.000
  0.000  0.359  0.000  0.000  0.013
  0.000  0.000  0.359  0.013  0.000
  0.000  0.000  0.013  0.399  0.000
  0.000  0.013  0.000  0.000  0.399
atom    5   Tr[ns(na)] =   5.43585
    eigenvalues: 
  0.845  0.930  0.943
    eigenvectors:
  0.339  0.000  0.661
  0.496  0.250  0.254
  0.165  0.750  0.085
    occupations:
  0.910 -0.040  0.023
 -0.040  0.891  0.022
  0.023  0.022  0.917
atom    6   Tr[ns(na)] =   5.43585
    eigenvalues: 
  0.845  0.930  0.943
    eigenvectors:
  0.339  0.000  0.661
  0.496  0.250  0.255
  0.165  0.750  0.084
    occupations:
  0.910  0.040  0.023
  0.040  0.891 -0.022
  0.023 -0.022  0.917
atom    7   Tr[ns(na)] =   5.43585
    eigenvalues: 
  0.845  0.930  0.943
    eigenvectors:
  0.339  0.000  0.661
  0.000  1.000  0.000
  0.661  0.000  0.339
    occupations:
  0.910  0.000 -0.047
  0.000  0.930  0.000
 -0.047  0.000  0.878
atom    8   Tr[ns(na)] =   5.43582
    eigenvalues: 
  0.845  0.930  0.943
    eigenvectors:
  0.339  0.000  0.661
  0.496  0.250  0.254
  0.165  0.750  0.085
    occupations:
  0.910 -0.040  0.023
 -0.040  0.891  0.022
  0.023  0.022  0.917
atom    9   Tr[ns(na)] =   5.43582
    eigenvalues: 
  0.845  0.930  0.943
    eigenvectors:
  0.339  0.000  0.661
  0.496  0.250  0.255
  0.165  0.750  0.084
    occupations:
  0.910  0.040  0.023
  0.040  0.891 -0.022
  0.023 -0.022  0.917
atom   10   Tr[ns(na)] =   5.43582
    eigenvalues: 
  0.845  0.930  0.943
    eigenvectors:
  0.339  0.000  0.661
  0.000  1.000  0.000
  0.661  0.000  0.339
    occupations:
  0.910  0.000 -0.047
  0.000  0.930  0.000
 -0.047  0.000  0.878
N of occupied +U levels =  56.2605311
 --- exit write_ns ---
 --- in v_hubbard ---
Hubbard energy    0.1074
 -------

     total cpu time spent up to now is       54.0 secs

     total energy              =    -538.22705490 Ry
     Harris-Foulkes estimate   =    -538.22713685 Ry
     estimated scf accuracy    <       0.00202749 Ry

     iteration #  3     ecut=    30.00 Ry     beta=0.20
     Davidson diagonalization with overlap
     ethr =  2.67E-06,  avg # of iterations =  1.0
 --- enter write_ns ---
 LDA+U parameters:
U( 1)     =  1.00000000
alpha( 1) =  0.00000000
U( 2)     =  0.00000000
alpha( 2) =  0.05000000
U( 3)     =  0.00000000
alpha( 3) =  0.00000000
U( 4)     =  0.00000000
alpha( 4) =  0.00000000
atom    1   Tr[ns(na)] =   8.05423
    eigenvalues: 
  0.570  0.570  0.961  0.962  0.962
    eigenvectors:
  0.000  0.000  1.000  0.000  0.000
  0.333  0.323  0.000  0.004  0.340
  0.323  0.333  0.000  0.340  0.004
  0.287  0.058  0.000  0.515  0.141
  0.058  0.287  0.000  0.141  0.515
    occupations:
  0.961  0.000  0.000  0.000  0.000
  0.000  0.706  0.000 -0.067  0.174
  0.000  0.000  0.706  0.174  0.067
  0.000 -0.067  0.174  0.827  0.000
  0.000  0.174  0.067  0.000  0.827
atom    2   Tr[ns(na)] =   8.03375
    eigenvalues: 
  0.567  0.567  0.960  0.961  0.961
    eigenvectors:
  0.000  0.000  1.000  0.000  0.000
  0.636  0.020  0.000  0.220  0.125
  0.020  0.636  0.000  0.125  0.220
  0.012  0.332  0.000  0.470  0.185
  0.332  0.012  0.000  0.185  0.470
    occupations:
  0.960  0.000  0.000  0.000  0.000
  0.000  0.703  0.000  0.067  0.175
  0.000  0.000  0.703  0.175 -0.067
  0.000  0.067  0.175  0.826  0.000
  0.000  0.175 -0.067  0.000  0.826
atom    3   Tr[ns(na)] =   3.78258
    eigenvalues: 
  0.354  0.354  0.382  0.401  0.401
    eigenvectors:
  0.000  0.000  1.000  0.000  0.000
  0.780  0.140  0.000  0.012  0.068
  0.140  0.780  0.000  0.068  0.012
  0.013  0.067  0.000  0.779  0.140
  0.067  0.013  0.000  0.140  0.779
    occupations:
  0.382  0.000  0.000  0.000  0.000
  0.000  0.358  0.000  0.000  0.013
  0.000  0.000  0.358  0.013  0.000
  0.000  0.000  0.013  0.397  0.000
  0.000  0.013  0.000  0.000  0.397
atom    4   Tr[ns(na)] =   3.79857
    eigenvalues: 
  0.356  0.356  0.383  0.403  0.403
    eigenvectors:
  0.000  0.000  1.000  0.000  0.000
  0.781  0.139  0.000  0.012  0.068
  0.139  0.781  0.000  0.068  0.012
  0.013  0.067  0.000  0.780  0.140
  0.067  0.013  0.000  0.140  0.780
    occupations:
  0.383  0.000  0.000  0.000  0.000
  0.000  0.359  0.000  0.000  0.013
  0.000  0.000  0.359  0.013  0.000
  0.000  0.000  0.013  0.399  0.000
  0.000  0.013  0.000  0.000  0.399
atom    5   Tr[ns(na)] =   5.43229
    eigenvalues: 
  0.844  0.929  0.943
    eigenvectors:
  0.339  0.000  0.661
  0.497  0.249  0.254
  0.164  0.751  0.085
    occupations:
  0.909 -0.041  0.023
 -0.041  0.890  0.023
  0.023  0.023  0.917
atom    6   Tr[ns(na)] =   5.43229
    eigenvalues: 
  0.844  0.929  0.943
    eigenvectors:
  0.339  0.000  0.661
  0.494  0.251  0.255
  0.166  0.749  0.085
    occupations:
  0.909  0.041  0.024
  0.041  0.891 -0.023
  0.024 -0.023  0.916
atom    7   Tr[ns(na)] =   5.43229
    eigenvalues: 
  0.844  0.929  0.943
    eigenvectors:
  0.339  0.000  0.661
  0.000  1.000  0.000
  0.661  0.000  0.339
    occupations:
  0.909  0.000 -0.047
  0.000  0.929  0.000
 -0.047  0.000  0.877
atom    8   Tr[ns(na)] =   5.43227
    eigenvalues: 
  0.844  0.929  0.943
    eigenvectors:
  0.339  0.000  0.661
  0.497  0.249  0.254
  0.164  0.751  0.085
    occupations:
  0.909 -0.041  0.023
 -0.041  0.890  0.022
  0.023  0.022  0.916
atom    9   Tr[ns(na)] =   5.43227
    eigenvalues: 
  0.844  0.929  0.943
    eigenvectors:
  0.339  0.000  0.661
  0.494  0.251  0.255
  0.166  0.749  0.085
    occupations:
  0.909  0.041  0.024
  0.041  0.891 -0.022
  0.024 -0.022  0.916
atom   10   Tr[ns(na)] =   5.43227
    eigenvalues: 
  0.844  0.929  0.943
    eigenvectors:
  0.339  0.000  0.661
  0.000  1.000  0.000
  0.661  0.000  0.339
    occupations:
  0.909  0.000 -0.047
  0.000  0.929  0.000
 -0.047  0.000  0.877
N of occupied +U levels =  56.2628043
 --- exit write_ns ---
 --- in v_hubbard ---
Hubbard energy    0.1065
 -------

     total cpu time spent up to now is       68.0 secs

     total energy              =    -538.22706915 Ry
     Harris-Foulkes estimate   =    -538.22711819 Ry
     estimated scf accuracy    <       0.00125707 Ry

     iteration #  4     ecut=    30.00 Ry     beta=0.20
     Davidson diagonalization with overlap
     ethr =  1.65E-06,  avg # of iterations =  1.0
 --- enter write_ns ---
 LDA+U parameters:
U( 1)     =  1.00000000
alpha( 1) =  0.00000000
U( 2)     =  0.00000000
alpha( 2) =  0.05000000
U( 3)     =  0.00000000
alpha( 3) =  0.00000000
U( 4)     =  0.00000000
alpha( 4) =  0.00000000
atom    1   Tr[ns(na)] =   8.01232
    eigenvalues: 
  0.566  0.566  0.957  0.958  0.958
    eigenvectors:
  0.000  0.000  1.000  0.000  0.000
  0.332  0.324  0.000  0.005  0.340
  0.324  0.332  0.000  0.340  0.005
  0.285  0.059  0.000  0.514  0.142
  0.059  0.285  0.000  0.142  0.514
    occupations:
  0.957  0.000  0.000  0.000  0.000
  0.000  0.701  0.000 -0.066  0.174
  0.000  0.000  0.701  0.174  0.066
  0.000 -0.066  0.174  0.823  0.000
  0.000  0.174  0.066  0.000  0.823
atom    2   Tr[ns(na)] =   8.07743
    eigenvalues: 
  0.572  0.572  0.964  0.965  0.965
    eigenvectors:
  0.000  0.000  1.000  0.000  0.000
  0.638  0.018  0.000  0.221  0.123
  0.018  0.638  0.000  0.123  0.221
  0.014  0.330  0.000  0.471  0.185
  0.330  0.014  0.000  0.185  0.471
    occupations:
  0.964  0.000  0.000  0.000  0.000
  0.000  0.707  0.000  0.068  0.174
  0.000  0.000  0.707  0.174 -0.068
  0.000  0.068  0.174  0.830  0.000
  0.000  0.174 -0.068  0.000  0.830
atom    3   Tr[ns(na)] =   3.78344
    eigenvalues: 
  0.354  0.354  0.382  0.401  0.401
    eigenvectors:
  0.000  0.000  1.000  0.000  0.000
  0.781  0.140  0.000  0.012  0.068
  0.140  0.781  0.000  0.068  0.012
  0.013  0.067  0.000  0.780  0.140
  0.067  0.013  0.000  0.140  0.780
    occupations:
  0.382  0.000  0.000  0.000  0.000
  0.000  0.358  0.000  0.000  0.013
  0.000  0.000  0.358  0.013  0.000
  0.000  0.000  0.013  0.397  0.000
  0.000  0.013  0.000  0.000  0.397
atom    4   Tr[ns(na)] =   3.79883
    eigenvalues: 
  0.356  0.356  0.383  0.403  0.403
    eigenvectors:
  0.000  0.000  1.000  0.000  0.000
  0.781  0.140  0.000  0.012  0.067
  0.140  0.781  0.000  0.067  0.012
  0.012  0.067  0.000  0.780  0.140
  0.067  0.012  0.000  0.140  0.780
    occupations:
  0.383  0.000  0.000  0.000  0.000
  0.000  0.359  0.000  0.000  0.013
  0.000  0.000  0.359  0.013  0.000
  0.000  0.000  0.013  0.399  0.000
  0.000  0.013  0.000  0.000  0.399
atom    5   Tr[ns(na)] =   5.43183
    eigenvalues: 
  0.844  0.929  0.943
    eigenvectors:
  0.339  0.000  0.661
  0.493  0.253  0.253
  0.167  0.747  0.086
    occupations:
  0.909 -0.041  0.024
 -0.041  0.891  0.023
  0.024  0.023  0.916
atom    6   Tr[ns(na)] =   5.43183
    eigenvalues: 
  0.844  0.929  0.943
    eigenvectors:
  0.339  0.000  0.661
  0.498  0.247  0.256
  0.163  0.753  0.084
    occupations:
  0.909  0.041  0.023
  0.041  0.890 -0.022
  0.023 -0.022  0.917
atom    7   Tr[ns(na)] =   5.43183
    eigenvalues: 
  0.844  0.929  0.943
    eigenvectors:
  0.339  0.000  0.661
  0.000  1.000  0.000
  0.661  0.000  0.339
    occupations:
  0.909  0.000 -0.047
  0.000  0.929  0.000
 -0.047  0.000  0.877
atom    8   Tr[ns(na)] =   5.43182
    eigenvalues: 
  0.844  0.929  0.943
    eigenvectors:
  0.339  0.000  0.661
  0.493  0.253  0.253
  0.167  0.747  0.086
    occupations:
  0.909 -0.041  0.024
 -0.041  0.891  0.023
  0.024  0.023  0.916
atom    9   Tr[ns(na)] =   5.43182
    eigenvalues: 
  0.844  0.929  0.943
    eigenvectors:
  0.339  0.000  0.661
  0.498  0.247  0.256
  0.163  0.753  0.084
    occupations:
  0.909  0.041  0.023
  0.041  0.890 -0.022
  0.023 -0.022  0.916
atom   10   Tr[ns(na)] =   5.43182
    eigenvalues: 
  0.844  0.929  0.943
    eigenvectors:
  0.339  0.000  0.661
  0.000  1.000  0.000
  0.661  0.000  0.339
    occupations:
  0.909  0.000 -0.047
  0.000  0.929  0.000
 -0.047  0.000  0.877
N of occupied +U levels =  56.2629682
 --- exit write_ns ---
 --- in v_hubbard ---
Hubbard energy    0.1024
 -------

     total cpu time spent up to now is       81.9 secs

     total energy              =    -538.22703234 Ry
     Harris-Foulkes estimate   =    -538.22722830 Ry
     estimated scf accuracy    <       0.00299963 Ry

     iteration #  5     ecut=    30.00 Ry     beta=0.20
     Davidson diagonalization with overlap
     ethr =  1.65E-06,  avg # of iterations =  1.0
 --- enter write_ns ---
 LDA+U parameters:
U( 1)     =  1.00000000
alpha( 1) =  0.00000000
U( 2)     =  0.00000000
alpha( 2) =  0.05000000
U( 3)     =  0.00000000
alpha( 3) =  0.00000000
U( 4)     =  0.00000000
alpha( 4) =  0.00000000
atom    1   Tr[ns(na)] =   8.04613
    eigenvalues: 
  0.569  0.569  0.961  0.962  0.962
    eigenvectors:
  0.000  0.000  1.000  0.000  0.000
  0.334  0.322  0.000  0.004  0.339
  0.322  0.334  0.000  0.339  0.004
  0.285  0.058  0.000  0.515  0.141
  0.058  0.285  0.000  0.141  0.515
    occupations:
  0.961  0.000  0.000  0.000  0.000
  0.000  0.704  0.000 -0.067  0.174
  0.000  0.000  0.704  0.174  0.067
  0.000 -0.067  0.174  0.827  0.000
  0.000  0.174  0.067  0.000  0.827
atom    2   Tr[ns(na)] =   8.04459
    eigenvalues: 
  0.568  0.568  0.961  0.963  0.963
    eigenvectors:
  0.000  0.000  1.000  0.000  0.000
  0.637  0.020  0.000  0.219  0.124
  0.020  0.637  0.000  0.124  0.219
  0.013  0.331  0.000  0.472  0.185
  0.331  0.013  0.000  0.185  0.472
    occupations:
  0.961  0.000  0.000  0.000  0.000
  0.000  0.703  0.000  0.067  0.175
  0.000  0.000  0.703  0.175 -0.067
  0.000  0.067  0.175  0.827  0.000
  0.000  0.175 -0.067  0.000  0.827
atom    3   Tr[ns(na)] =   3.78633
    eigenvalues: 
  0.354  0.354  0.382  0.401  0.401
    eigenvectors:
  0.000  0.000  1.000  0.000  0.000
  0.782  0.139  0.000  0.012  0.068
  0.139  0.782  0.000  0.068  0.012
  0.012  0.067  0.000  0.781  0.140
  0.067  0.012  0.000  0.140  0.781
    occupations:
  0.382  0.000  0.000  0.000  0.000
  0.000  0.358  0.000  0.000  0.013
  0.000  0.000  0.358  0.013  0.000
  0.000  0.000  0.013  0.398  0.000
  0.000  0.013  0.000  0.000  0.398
atom    4   Tr[ns(na)] =   3.79973
    eigenvalues: 
  0.356  0.356  0.383  0.403  0.403
    eigenvectors:
  0.000  0.000  1.000  0.000  0.000
  0.783  0.139  0.000  0.011  0.067
  0.139  0.783  0.000  0.067  0.011
  0.012  0.066  0.000  0.781  0.140
  0.066  0.012  0.000  0.140  0.781
    occupations:
  0.383  0.000  0.000  0.000  0.000
  0.000  0.359  0.000  0.000  0.013
  0.000  0.000  0.359  0.013  0.000
  0.000  0.000  0.013  0.399  0.000
  0.000  0.013  0.000  0.000  0.399
atom    5   Tr[ns(na)] =   5.43123
    eigenvalues: 
  0.844  0.929  0.943
    eigenvectors:
  0.339  0.000  0.661
  0.496  0.250  0.254
  0.165  0.750  0.085
    occupations:
  0.909 -0.041  0.023
 -0.041  0.890  0.023
  0.023  0.023  0.916
atom    6   Tr[ns(na)] =   5.43123
    eigenvalues: 
  0.844  0.929  0.943
    eigenvectors:
  0.339  0.000  0.661
  0.495  0.250  0.255
  0.166  0.750  0.084
    occupations:
  0.909  0.041  0.024
  0.041  0.890 -0.023
  0.024 -0.023  0.916
atom    7   Tr[ns(na)] =   5.43123
    eigenvalues: 
  0.844  0.929  0.943
    eigenvectors:
  0.339  0.000  0.661
  0.000  1.000  0.000
  0.661  0.000  0.339
    occupations:
  0.909  0.000 -0.047
  0.000  0.929  0.000
 -0.047  0.000  0.877
atom    8   Tr[ns(na)] =   5.43120
    eigenvalues: 
  0.844  0.929  0.943
    eigenvectors:
  0.339  0.000  0.661
  0.496  0.250  0.254
  0.165  0.750  0.085
    occupations:
  0.909 -0.041  0.023
 -0.041  0.890  0.022
  0.023  0.022  0.916
atom    9   Tr[ns(na)] =   5.43120
    eigenvalues: 
  0.844  0.929  0.943
    eigenvectors:
  0.339  0.000  0.661
  0.495  0.250  0.255
  0.166  0.750  0.084
    occupations:
  0.909  0.041  0.024
  0.041  0.890 -0.023
  0.024 -0.023  0.916
atom   10   Tr[ns(na)] =   5.43120
    eigenvalues: 
  0.844  0.929  0.943
    eigenvectors:
  0.339  0.000  0.661
  0.000  1.000  0.000
  0.661  0.000  0.339
    occupations:
  0.909  0.000 -0.047
  0.000  0.929  0.000
 -0.047  0.000  0.877
N of occupied +U levels =  56.2640530
 --- exit write_ns ---
 --- in v_hubbard ---
Hubbard energy    0.1022
 -------

     total cpu time spent up to now is       96.5 secs

     total energy              =    -538.22714360 Ry
     Harris-Foulkes estimate   =    -538.22713851 Ry
     estimated scf accuracy    <       0.00001680 Ry

     iteration #  6     ecut=    30.00 Ry     beta=0.20
     Davidson diagonalization with overlap
     ethr =  2.21E-08,  avg # of iterations =  2.1
 --- enter write_ns ---
 LDA+U parameters:
U( 1)     =  1.00000000
alpha( 1) =  0.00000000
U( 2)     =  0.00000000
alpha( 2) =  0.05000000
U( 3)     =  0.00000000
alpha( 3) =  0.00000000
U( 4)     =  0.00000000
alpha( 4) =  0.00000000
atom    1   Tr[ns(na)] =   8.04373
    eigenvalues: 
  0.568  0.568  0.961  0.962  0.962
    eigenvectors:
  0.000  0.000  1.000  0.000  0.000
  0.334  0.322  0.000  0.004  0.340
  0.322  0.334  0.000  0.340  0.004
  0.285  0.058  0.000  0.515  0.141
  0.058  0.285  0.000  0.141  0.515
    occupations:
  0.961  0.000  0.000  0.000  0.000
  0.000  0.704  0.000 -0.068  0.174
  0.000  0.000  0.704  0.174  0.068
  0.000 -0.068  0.174  0.827  0.000
  0.000  0.174  0.068  0.000  0.827
atom    2   Tr[ns(na)] =   8.04272
    eigenvalues: 
  0.567  0.567  0.961  0.963  0.963
    eigenvectors:
  0.000  0.000  1.000  0.000  0.000
  0.637  0.019  0.000  0.220  0.124
  0.019  0.637  0.000  0.124  0.220
  0.013  0.331  0.000  0.471  0.185
  0.331  0.013  0.000  0.185  0.471
    occupations:
  0.961  0.000  0.000  0.000  0.000
  0.000  0.703  0.000  0.067  0.176
  0.000  0.000  0.703  0.176 -0.067
  0.000  0.067  0.176  0.827  0.000
  0.000  0.176 -0.067  0.000  0.827
atom    3   Tr[ns(na)] =   3.78550
    eigenvalues: 
  0.354  0.354  0.382  0.401  0.401
    eigenvectors:
  0.000  0.000  1.000  0.000  0.000
  0.781  0.139  0.000  0.012  0.068
  0.139  0.781  0.000  0.068  0.012
  0.013  0.067  0.000  0.780  0.140
  0.067  0.013  0.000  0.140  0.780
    occupations:
  0.382  0.000  0.000  0.000  0.000
  0.000  0.358  0.000  0.000  0.013
  0.000  0.000  0.358  0.013  0.000
  0.000  0.000  0.013  0.398  0.000
  0.000  0.013  0.000  0.000  0.398
atom    4   Tr[ns(na)] =   3.79899
    eigenvalues: 
  0.356  0.356  0.383  0.403  0.403
    eigenvectors:
  0.000  0.000  1.000  0.000  0.000
  0.782  0.139  0.000  0.011  0.067
  0.139  0.782  0.000  0.067  0.011
  0.012  0.066  0.000  0.781  0.140
  0.066  0.012  0.000  0.140  0.781
    occupations:
  0.383  0.000  0.000  0.000  0.000
  0.000  0.359  0.000  0.000  0.013
  0.000  0.000  0.359  0.013  0.000
  0.000  0.000  0.013  0.399  0.000
  0.000  0.013  0.000  0.000  0.399
atom    5   Tr[ns(na)] =   5.43205
    eigenvalues: 
